-0.0114996 -0.0000656
-0.0116496 -0.0000666
-0.0127986 -0.0000666
-0.0126416 -0.0000666
-0.0131576 -0.0000666
-0.0132536 0.0000666
-0.0128156 0.0000666
-0.0119126 -0.0000666
-0.0134936 -0.0000666
-0.0126856 -0.0000666
-0.0129256 -0.0000666
-0.0126326 -0.0000666
-0.0115626 -0.0000676
-0.0130286 -0.0000676
-0.0115986 -0.0000676
-0.0113716 -0.0000686
-0.0111296 -0.0000686
-0.0120906 0.0000686
-0.0127716 0.0000686
-0.0117346 -0.0000686
-0.0128486 0.0000686
-0.0124376 -0.0000686
-0.0116596 0.0000696
-0.0111496 -0.0000696
-0.0121256 -0.0000706
-0.0106826 0.0000706
-0.0109216 0.0000716
-0.0112806 -0.0000716
-0.0128366 -0.0000716
-0.0125596 -0.0000726
-0.0124016 -0.0000726
-0.0131216 -0.0000726
-0.0124896 -0.0000736
-0.0111376 0.0000736
-0.0131966 -0.0000736
-0.0130596 -0.0000736
-0.0130376 0.0000736
-0.0115426 0.0000746
-0.0120056 -0.0000746
-0.0123486 -0.0000746
-0.0127196 0.0000746
-0.0128356 0.0000756
-0.0110486 -0.0000756
-0.0130996 0.0000756
-0.0117176 -0.0000756
-0.0127976 0.0000756
-0.0114306 -0.0000766
-0.0108336 0.0000766
-0.0112146 -0.0000776
-0.0120256 -0.0000776
-0.0129106 -0.0000786
-0.0098406 -0.0000796
-0.0114546 0.0000796
-0.0122636 -0.0000796
-0.0129336 0.0000796
-0.0110916 -0.0000806
-0.0115276 0.0000806
-0.0111806 -0.0000806
-0.0120226 0.0000806
-0.0128976 -0.0000816
-0.0119496 -0.0000816
-0.0126866 -0.0000816
-0.0113396 -0.0000826
-0.0121156 0.0000836
-0.0115916 -0.0000846
-0.0131606 -0.0000846
-0.0129846 0.0000846
-0.0103506 0.0000846
-0.0109896 -0.0000856
-0.0114606 0.0000856
-0.0111746 -0.0000866
-0.0106476 -0.0000866
-0.0120696 -0.0000866
-0.0123736 -0.0000876
-0.0123256 -0.0000886
-0.0128296 0.0000896
-0.0105366 -0.0000906
-0.0109496 -0.0000916
-0.0116236 0.0000936
-0.0124356 0.0000936
-0.0115126 -0.0000946
-0.0113666 0.0000946
-0.0108736 0.0000966
-0.0135826 0.0000986
-0.0129276 -0.0001036
-0.0124986 0.0001046
-0.0114946 -0.0001086
-0.0118326 0.0001096
-0.0132056 -0.0001126
-0.0130676 0.0001146
-0.0127366 -0.0001156
-0.0110876 -0.0001326
-0.0130346 -0.0001376
-0.0122516 -0.0001826
-0.0116206 -0.0001926
-0.0123776 -0.0002076
-0.0128056 -0.0003736
-0.0112816 -0.0006306
-0.0126226 -0.0006946
-0.0122626 -0.0018886
